"year"	"doy"	"5"	"6"	"7"	"8"	"n"	"prop_stage6"	"mgsi"
1979	148	14	0	0	0	14	0	NA
1979	150	6	0	0	0	6	0	NA
1979	151	12	0	0	0	12	0	NA
1979	152	12	0	0	0	12	0	NA
1979	159	5	0	0	0	5	0	NA
1979	162	5	0	0	0	5	0	NA
1979	163	38	35	17	0	90	0.388888888888889	12.0385718331609
1979	169	4	3	0	0	7	0.428571428571429	7.00660592638153
1979	170	4	3	0	0	7	0.428571428571429	8.51788244259468
1979	178	1	0	0	0	1	0	NA
1979	180	0	0	0	1	1	0	NA
1979	181	11	7	16	1	35	0.2	5.39518149861392
1979	183	2	0	0	2	4	0	NA
1979	184	1	0	0	0	1	0	NA
1979	186	2	18	3	0	23	0.782608695652174	3.14948006144445
1979	187	2	0	0	0	2	0	NA
1979	191	0	11	4	2	17	0.647058823529412	3.28765012206725
1979	193	0	0	0	1	1	0	NA
1979	194	1	0	0	4	5	0	NA
1979	198	0	0	0	5	5	0	NA
1979	202	0	0	11	45	56	0	NA
1979	204	0	0	0	2	2	0	NA
1979	205	0	0	0	8	8	0	NA
1979	213	0	0	0	6	6	0	NA
1980	148	13	0	0	0	13	0	NA
1980	154	9	2	0	0	11	0.181818181818182	11.4921720534025
1980	157	3	0	0	0	3	0	NA
1980	158	12	1	0	0	13	0.0769230769230769	10.3128338165726
1980	164	7	2	0	0	9	0.222222222222222	10.315112146266
1980	170	2	0	0	0	2	0	NA
1980	172	3	3	0	0	6	0.5	8.43094789102184
1980	182	0	4	0	0	4	1	2.93914769021518
1980	184	0	15	0	0	15	1	4.28435624493679
1980	191	0	3	0	0	3	1	3.56219521878051
1980	192	1	8	0	0	9	0.888888888888889	2.97934048468888
1980	196	1	13	1	0	15	0.866666666666667	3.6084379787428
1980	199	1	4	0	0	5	0.8	8.31433988580966
1980	206	0	3	0	0	3	1	3.31153413194322
1980	210	0	3	0	0	3	1	6.86195899194673
1980	211	0	1	0	0	1	1	4.25627240143369
1981	147	6	0	0	0	6	0	NA
1981	153	3	0	0	0	3	0	NA
1981	155	3	0	0	0	3	0	NA
1981	156	18	2	0	0	20	0.1	9.3644087849967
1981	161	8	0	0	0	8	0	NA
1981	162	8	0	0	0	8	0	NA
1981	163	20	0	0	0	20	0	NA
1981	166	12	0	0	0	12	0	NA
1981	167	13	0	0	0	13	0	NA
1981	168	2	0	0	0	2	0	NA
1981	169	3	0	0	0	3	0	NA
1981	174	2	0	0	0	2	0	NA
1981	176	1	0	0	0	1	0	NA
1981	180	2	0	0	0	2	0	NA
1981	181	1	0	0	0	1	0	NA
1981	202	0	0	0	15	15	0	NA
1981	205	0	2	5	4	11	0.181818181818182	1.87201057729608
1981	216	0	0	0	24	24	0	NA
1982	153	4	0	0	0	4	0	NA
1982	158	2	0	0	0	2	0	NA
1982	167	15	0	0	0	15	0	NA
1982	168	5	0	0	0	5	0	NA
1982	169	4	0	0	0	4	0	NA
1982	173	3	0	0	0	3	0	NA
1982	176	3	0	0	0	3	0	NA
1982	177	3	0	0	0	3	0	NA
1982	182	6	0	0	0	6	0	NA
1982	193	4	0	0	0	4	0	NA
1983	145	11	0	0	0	11	0	NA
1983	147	14	0	0	0	14	0	NA
1983	153	21	0	0	0	21	0	NA
1983	171	13	4	0	0	17	0.235294117647059	11.6673597933378
1983	172	7	5	0	0	12	0.416666666666667	5.32666638863675
1983	173	19	6	0	0	25	0.24	6.46294574916184
1983	174	2	2	0	0	4	0.5	3.98188873501566
1983	175	5	2	0	0	7	0.285714285714286	7.89133090905253
1983	180	0	2	2	2	6	0.333333333333333	2.13424028007951
1983	182	0	0	7	2	9	0	NA
1983	186	0	0	5	14	19	0	NA
1983	188	2	3	8	8	21	0.142857142857143	4.77405915638329
1983	194	0	0	5	12	17	0	NA
1983	206	0	0	3	22	25	0	NA
1983	208	2	1	8	22	33	0.0303030303030303	7.32949876746097
1983	209	0	2	9	15	26	0.0769230769230769	2.66351464464907
1983	216	1	3	9	15	28	0.107142857142857	4.16725186426652
1983	224	0	0	1	21	22	0	NA
1983	229	0	1	1	47	49	0.0204081632653061	2.48595673479144
1983	230	0	0	8	50	58	0	NA
1983	265	0	0	0	11	11	0	NA
1983	286	0	0	0	31	31	0	NA
1984	149	22	0	0	0	22	0	NA
1984	150	29	2	0	0	31	0.0645161290322581	12.187710780316
1984	151	24	0	0	0	24	0	NA
1984	153	19	0	0	0	19	0	NA
1984	157	18	15	0	0	33	0.454545454545455	12.4576020197325
1984	158	11	14	0	0	25	0.56	14.9727905942839
1984	166	5	5	0	0	10	0.5	7.89190154705201
1984	171	6	32	0	0	38	0.842105263157895	7.39379261163415
1984	172	22	10	0	0	32	0.3125	6.41285288701739
1984	173	1	30	0	0	31	0.967741935483871	10.2169429985421
1984	174	28	44	0	0	72	0.611111111111111	6.9166799949839
1984	177	16	59	0	0	75	0.786666666666667	6.13220548177935
1984	178	5	28	0	0	33	0.848484848484849	4.58877709266783
1984	180	6	40	0	0	46	0.869565217391304	4.4914762277649
1984	181	6	58	1	1	66	0.878787878787879	4.44986571050145
1984	186	10	27	4	0	41	0.658536585365854	2.64856085237249
1984	192	3	34	13	0	50	0.68	2.33110135873654
1984	200	4	47	18	18	87	0.540229885057471	4.40673733283859
1984	202	1	30	1	6	38	0.789473684210526	2.95104418898396
1984	208	0	2	10	4	16	0.125	1.39313916029316
1984	209	0	2	9	13	24	0.0833333333333333	1.82958836174607
1984	212	0	1	5	21	27	0.037037037037037	1.18430112462704
1984	213	0	7	12	20	39	0.179487179487179	1.03363102597336
1984	216	0	0	5	19	24	0	NA
1984	219	0	0	0	12	12	0	NA
1984	220	0	0	1	40	41	0	NA
1984	222	0	0	2	36	38	0	NA
1984	223	0	0	0	21	21	0	NA
1984	226	0	0	3	97	100	0	NA
1984	233	0	0	0	22	22	0	NA
1984	236	0	0	0	108	108	0	NA
1984	237	0	0	1	32	33	0	NA
1984	240	0	0	0	87	87	0	NA
1984	243	0	0	0	27	27	0	NA
1984	244	0	0	0	25	25	0	NA
1984	249	0	0	0	28	28	0	NA
1984	250	0	0	0	30	30	0	NA
1984	254	0	0	0	17	17	0	NA
1984	256	0	0	3	70	73	0	NA
1984	261	0	1	1	97	99	0.0101010101010101	0.328852929662012
1984	262	0	0	0	40	40	0	NA
1984	263	0	0	0	42	42	0	NA
1984	264	0	0	0	43	43	0	NA
1984	269	0	0	0	49	49	0	NA
1984	274	0	0	0	41	41	0	NA
1984	275	0	0	0	28	28	0	NA
1984	278	0	0	0	40	40	0	NA
1984	285	0	0	2	66	68	0	NA
1985	151	34	0	0	0	34	0	NA
1985	154	40	0	0	0	40	0	NA
1985	161	40	6	0	0	46	0.130434782608696	6.52753432166889
1985	162	27	11	0	0	38	0.289473684210526	8.50873627984727
1985	163	16	13	0	0	29	0.448275862068966	8.60806857934019
1985	164	82	38	0	2	122	0.311475409836066	9.75574778056503
1985	168	25	21	0	0	46	0.456521739130435	8.05641427480985
1985	169	41	4	0	0	45	0.0888888888888889	5.45322522226894
1985	175	11	37	0	0	48	0.770833333333333	6.21805853760269
1985	176	8	41	0	0	49	0.836734693877551	5.97375701031048
1985	184	2	41	3	1	47	0.872340425531915	5.56855249878289
1985	190	5	11	3	0	19	0.578947368421053	3.81942512546323
1985	193	0	38	10	2	50	0.76	4.51497618270831
1985	196	0	8	17	21	46	0.173913043478261	2.06132799934315
1985	198	0	19	16	11	46	0.41304347826087	4.41353067047929
1985	203	0	7	22	22	51	0.137254901960784	3.07313147313395
1985	210	0	0	5	16	21	0	NA
1985	211	0	2	7	21	30	0.0666666666666667	2.22486622460599
1985	212	0	0	8	19	27	0	NA
1985	217	0	0	1	46	47	0	NA
1985	218	0	2	4	42	48	0.0416666666666667	3.93023241483314
1985	224	0	0	5	43	48	0	NA
1985	225	0	0	1	47	48	0	NA
1985	232	0	0	0	22	22	0	NA
1985	234	0	0	0	63	63	0	NA
1985	238	0	0	0	40	40	0	NA
1985	247	0	0	0	19	19	0	NA
1985	260	0	0	0	30	30	0	NA
1985	261	0	0	0	45	45	0	NA
1985	262	0	0	0	60	60	0	NA
1985	264	0	0	0	19	19	0	NA
1985	266	0	0	0	34	34	0	NA
1985	267	0	0	0	65	65	0	NA
1985	288	0	0	0	32	32	0	NA
1985	297	0	0	0	43	43	0	NA
1986	146	35	6	0	0	41	0.146341463414634	13.4354506239491
1986	153	6	27	0	0	33	0.818181818181818	12.7528850350446
1986	154	9	15	0	0	24	0.625	12.8551753454002
1986	155	79	29	0	0	108	0.268518518518519	12.3566049179257
1986	157	6	27	0	0	33	0.818181818181818	12.0477306889407
1986	158	3	28	0	0	31	0.903225806451613	11.2053694258717
1986	161	8	22	0	0	30	0.733333333333333	9.79944208781936
1986	164	0	38	0	0	38	1	11.095767857151
1986	167	13	38	0	0	51	0.745098039215686	8.18034750855314
1986	182	0	28	0	0	28	1	5.37191352583376
1986	183	0	33	1	0	34	0.970588235294118	7.33997544532241
1986	188	1	18	4	1	24	0.75	3.38206279528856
1986	190	0	16	10	0	26	0.615384615384615	4.11742006690968
1986	191	1	31	10	4	46	0.673913043478261	2.9136489023027
1986	198	0	23	20	19	62	0.370967741935484	3.38496163462886
1986	209	0	0	0	18	18	0	NA
1986	217	0	1	3	50	54	0.0185185185185185	3.33998935037274
1986	218	0	1	5	94	100	0.01	4.49260581336053
1986	219	0	2	3	55	60	0.0333333333333333	3.27654093299433
1986	223	0	0	2	59	61	0	NA
1986	230	0	1	2	53	56	0.0178571428571429	4.88554472233997
1986	247	0	0	0	39	39	0	NA
1986	248	0	0	2	33	35	0	NA
1986	251	0	0	0	38	38	0	NA
1986	252	0	0	0	47	47	0	NA
1986	265	0	0	0	92	92	0	NA
1986	272	0	0	0	38	38	0	NA
1987	141	23	0	0	0	23	0	NA
1987	145	25	3	0	0	28	0.107142857142857	13.2003344591441
1987	149	28	0	0	0	28	0	NA
1987	153	18	0	0	0	18	0	NA
1987	154	43	0	0	0	43	0	NA
1987	155	51	0	0	0	51	0	NA
1987	156	22	1	0	0	23	0.0434782608695652	18.7586206896552
1987	159	28	37	0	0	65	0.569230769230769	11.3710008478463
1987	160	33	1	0	0	34	0.0294117647058824	10.7734885041158
1987	162	35	9	0	0	44	0.204545454545455	9.37181296367953
1987	163	28	3	0	0	31	0.0967741935483871	14.9419262634996
1987	166	25	9	0	0	34	0.264705882352941	9.68245968810756
1987	168	1	23	0	0	24	0.958333333333333	6.64141944874494
1987	170	2	25	1	0	28	0.892857142857143	6.48389421416828
1987	174	3	16	0	0	19	0.842105263157895	5.69207201504633
1987	176	22	0	0	0	22	0	NA
1987	184	0	27	3	1	31	0.870967741935484	4.42789602048774
1987	188	0	1	32	6	39	0.0256410256410256	9.57943099487542
1987	190	0	3	21	6	30	0.1	5.06360527643988
1987	198	0	0	29	3	32	0	NA
1987	212	0	1	2	41	44	0.0227272727272727	1.69859219939995
1987	223	0	0	1	68	69	0	NA
1987	224	0	0	9	103	112	0	NA
1987	225	0	0	0	25	25	0	NA
1987	226	0	0	0	68	68	0	NA
1987	244	0	0	0	24	24	0	NA
1987	253	0	0	0	27	27	0	NA
1987	257	0	0	0	24	24	0	NA
1987	259	0	0	0	33	33	0	NA
1987	273	0	0	0	22	22	0	NA
1987	279	0	0	1	28	29	0	NA
1987	280	0	0	0	24	24	0	NA
1987	287	0	0	2	35	37	0	NA
1987	290	0	0	0	21	21	0	NA
1988	146	29	0	0	0	29	0	NA
1988	147	27	0	0	0	27	0	NA
1988	153	22	2	0	0	24	0.0833333333333333	12.3150398060375
1988	160	68	51	0	1	120	0.425	13.1294325581226
1988	161	35	66	0	0	101	0.653465346534653	13.8015609742538
1988	162	4	42	0	0	46	0.91304347826087	12.3333892486309
1988	163	3	20	0	0	23	0.869565217391304	12.658866048106
1988	165	2	33	0	0	35	0.942857142857143	11.6443818029205
1988	167	1	69	17	0	87	0.793103448275862	11.5561847777464
1988	170	4	16	1	0	21	0.761904761904762	9.13611250590466
1988	174	0	28	6	0	34	0.823529411764706	6.91721800983834
1988	181	0	22	13	0	35	0.628571428571429	6.19925129814163
1988	211	0	0	15	23	38	0	NA
1988	222	0	0	1	32	33	0	NA
1988	223	0	0	0	38	38	0	NA
1988	231	0	0	0	44	44	0	NA
1988	236	0	0	0	38	38	0	NA
1988	259	0	0	0	73	73	0	NA
1988	274	0	0	0	43	43	0	NA
1989	150	23	0	0	0	23	0	NA
1989	151	58	19	0	0	77	0.246753246753247	13.0634465643677
1989	158	29	4	0	0	33	0.121212121212121	17.2028934189997
1989	159	9	1	0	0	10	0.1	13.1447438872033
1989	165	6	66	0	0	72	0.916666666666667	8.21887400658488
1989	166	2	77	0	0	79	0.974683544303797	9.03925031678355
1989	167	0	23	0	0	23	1	9.05086181714161
1989	171	0	21	0	0	21	1	7.56661041210663
1989	172	1	105	1	0	107	0.981308411214953	7.29511730034795
1989	180	2	48	0	1	51	0.941176470588235	6.5679958005665
1989	188	0	10	9	3	22	0.454545454545455	3.45615572293076
1989	202	0	6	8	22	36	0.166666666666667	3.57666272759631
1989	206	0	2	33	25	60	0.0333333333333333	3.08782294405076
1989	221	0	0	0	48	48	0	NA
1989	227	0	0	0	35	35	0	NA
1989	229	0	0	1	96	97	0	NA
1989	233	0	0	0	38	38	0	NA
1989	235	0	0	0	27	27	0	NA
1989	236	0	0	0	38	38	0	NA
1989	243	0	0	0	90	90	0	NA
1989	254	0	0	0	35	35	0	NA
1989	257	0	0	0	34	34	0	NA
1989	261	0	0	0	38	38	0	NA
1989	263	0	0	1	36	37	0	NA
1989	264	0	0	0	39	39	0	NA
1990	144	22	0	0	0	22	0	NA
1990	148	20	0	0	0	20	0	NA
1990	149	24	0	0	0	24	0	NA
1990	157	42	0	0	0	42	0	NA
1990	158	27	2	0	0	29	0.0689655172413793	7.94305548213145
1990	163	44	3	0	0	47	0.0638297872340425	13.4487563239841
1990	164	133	2	0	0	135	0.0148148148148148	15.0081533523562
1990	165	60	12	0	0	72	0.166666666666667	10.8661352857105
1990	169	13	10	0	0	23	0.434782608695652	7.00812316722236
1990	172	10	13	0	0	23	0.565217391304348	6.88297389409484
1990	176	0	28	0	0	28	1	5.58427435493639
1990	178	3	33	0	0	36	0.916666666666667	5.67743595547807
1990	183	0	17	14	2	33	0.515151515151515	3.61613846900026
1990	184	5	54	4	14	77	0.701298701298701	5.54323136460476
1990	193	0	23	6	0	29	0.793103448275862	4.46818132627788
1990	219	0	0	8	13	21	0	NA
1990	222	0	0	0	16	16	0	NA
1990	226	0	0	13	32	45	0	NA
1990	228	0	0	12	15	27	0	NA
1990	233	0	0	7	37	44	0	NA
1990	234	0	0	13	29	42	0	NA
1990	239	0	0	8	19	27	0	NA
1990	241	0	0	9	28	37	0	NA
1990	247	0	0	6	30	36	0	NA
1990	249	0	0	5	30	35	0	NA
1990	254	0	0	8	29	37	0	NA
1990	261	0	0	1	13	14	0	NA
1990	268	0	0	8	35	43	0	NA
1990	269	0	0	19	25	44	0	NA
1990	277	0	0	2	31	33	0	NA
1991	157	33	52	0	0	85	0.611764705882353	12.8609261004624
1991	163	37	0	0	0	37	0	NA
1991	168	15	9	0	0	24	0.375	8.5098344728794
1991	169	37	83	0	1	121	0.685950413223141	8.29461640567775
1991	170	20	64	0	0	84	0.761904761904762	8.43557022645742
1991	171	2	36	0	0	38	0.947368421052632	6.73263945712257
1991	176	7	25	0	0	32	0.78125	8.22416066836928
1991	178	2	33	0	0	35	0.942857142857143	5.36168234580101
1991	184	1	45	0	0	46	0.978260869565217	5.45257861649606
1991	198	0	23	0	3	26	0.884615384615385	2.77691572153676
1991	200	0	8	13	0	21	0.380952380952381	4.21142425667008
1991	225	0	0	0	4	4	0	NA
1991	226	0	0	4	18	22	0	NA
1991	235	0	0	0	7	7	0	NA
1991	240	0	0	0	6	6	0	NA
1991	241	0	0	3	5	8	0	NA
1991	242	0	0	0	13	13	0	NA
1991	246	0	0	0	12	12	0	NA
1991	248	0	0	0	14	14	0	NA
1991	249	0	0	1	9	10	0	NA
1991	268	0	1	1	21	23	0.0434782608695652	0.166031573217202
1992	155	34	2	0	0	36	0.0555555555555556	11.1142481997499
1992	156	36	2	0	0	38	0.0526315789473684	6.53476326148385
1992	162	109	0	0	0	109	0	NA
1992	168	18	15	0	0	33	0.454545454545455	8.10330992312495
1992	170	25	2	1	0	28	0.0714285714285714	7.67159027989114
1992	177	18	49	5	2	74	0.662162162162162	6.82464673481806
1992	182	4	20	3	0	27	0.740740740740741	5.10540661838613
1992	183	4	27	2	0	33	0.818181818181818	5.24844117190983
1992	190	0	9	28	4	41	0.219512195121951	6.17036836135493
1992	203	0	3	16	0	19	0.157894736842105	4.94316604271692
1992	211	0	0	29	6	35	0	NA
1992	224	0	0	0	10	10	0	NA
1992	226	0	0	0	15	15	0	NA
1992	232	0	0	0	12	12	0	NA
1992	238	0	0	9	15	24	0	NA
1992	242	0	0	0	2	2	0	NA
1992	246	0	0	0	12	12	0	NA
1992	252	0	0	1	11	12	0	NA
1992	261	0	0	0	15	15	0	NA
1992	268	0	0	0	6	6	0	NA
1992	279	0	0	0	8	8	0	NA
1992	287	0	0	0	12	12	0	NA
1993	152	32	0	0	0	32	0	NA
1993	156	33	0	0	0	33	0	NA
1993	160	103	1	0	0	104	0.00961538461538462	8.50127176677754
1993	161	129	0	0	0	129	0	NA
1993	165	41	0	0	0	41	0	NA
1993	167	31	36	0	0	67	0.537313432835821	7.31100056114095
1993	173	21	26	1	0	48	0.541666666666667	9.72106583488227
1993	180	23	20	0	0	43	0.465116279069767	6.17483258986234
1993	182	2	75	6	0	83	0.903614457831325	5.36626020050099
1993	187	0	54	14	0	68	0.794117647058823	3.99169947766963
1993	189	0	39	1	0	40	0.975	4.42627802382415
1993	190	0	31	6	0	37	0.837837837837838	4.68883886686586
1993	201	0	30	7	2	39	0.769230769230769	4.52942553089732
1993	236	0	0	0	39	39	0	NA
1993	243	0	0	0	18	18	0	NA
1993	245	0	0	0	44	44	0	NA
1993	250	0	0	0	32	32	0	NA
1993	251	0	0	0	35	35	0	NA
1993	253	0	0	0	33	33	0	NA
1993	257	0	0	0	25	25	0	NA
1993	260	0	0	0	33	33	0	NA
1993	266	0	0	0	25	25	0	NA
1993	272	0	0	0	36	36	0	NA
1993	273	0	0	0	37	37	0	NA
1994	150	30	8	0	0	38	0.210526315789474	10.201849838282
1994	157	23	4	0	0	27	0.148148148148148	12.4267500477961
1994	158	18	6	0	0	24	0.25	12.6241641339052
1994	160	27	8	0	0	35	0.228571428571429	10.2632831893386
1994	165	14	14	0	0	28	0.5	9.30663531896236
1994	168	22	60	0	0	82	0.731707317073171	9.3996376162851
1994	172	2	46	1	0	49	0.938775510204082	7.74448866866368
1994	174	1	39	0	0	40	0.975	7.13049550950711
1994	181	0	29	0	0	29	1	3.76475661138432
1994	186	0	17	7	1	25	0.68	7.18584305435939
1994	193	0	14	17	0	31	0.451612903225806	5.66639465076402
1994	220	0	0	12	17	29	0	NA
1994	222	0	0	2	21	23	0	NA
1994	230	0	0	3	23	26	0	NA
1994	231	0	0	2	42	44	0	NA
1994	232	0	0	9	39	48	0	NA
1994	235	0	0	0	15	15	0	NA
1994	237	0	0	5	12	17	0	NA
1994	238	1	0	1	17	19	0	NA
1994	241	0	0	7	12	19	0	NA
1994	243	0	0	10	3	13	0	NA
1994	262	0	0	0	14	14	0	NA
1994	264	0	0	0	20	20	0	NA
1994	270	0	0	0	32	32	0	NA
1994	280	0	0	3	6	9	0	NA
1994	285	0	0	0	4	4	0	NA
1994	286	0	0	0	5	5	0	NA
1995	154	20	17	0	0	37	0.459459459459459	12.2196467827934
1995	160	2	31	0	0	33	0.939393939393939	12.9745048756687
1995	162	16	14	0	0	30	0.466666666666667	10.7347416077099
1995	164	6	54	0	0	60	0.9	11.1197582610747
1995	165	13	44	0	0	57	0.771929824561403	10.2886570644977
1995	166	5	68	0	0	73	0.931506849315068	10.391533103891
1995	167	1	27	1	0	29	0.931034482758621	11.5944205099472
1995	170	0	30	0	0	30	1	9.20679721207603
1995	171	0	32	0	0	32	1	9.98011988243685
1995	172	4	38	0	0	42	0.904761904761905	8.43434357455515
1995	173	1	26	0	0	27	0.962962962962963	7.12338035793126
1995	178	0	32	1	0	33	0.96969696969697	5.53659257978605
1995	179	2	30	0	0	32	0.9375	8.28632613303212
1995	181	0	28	0	0	28	1	7.54700728310344
1995	184	0	37	3	2	42	0.880952380952381	5.67052807748282
1995	185	0	28	5	0	33	0.848484848484849	3.70184222153764
1995	187	0	54	18	2	74	0.72972972972973	5.74002193636155
1995	194	0	2	31	0	33	0.0606060606060606	4.12437960708742
1995	201	0	3	19	10	32	0.09375	0.910586091823968
1995	207	0	0	0	8	8	0	NA
1995	209	0	2	11	26	39	0.0512820512820513	2.50802193583767
1995	215	0	1	6	22	29	0.0344827586206897	1.69483493918812
1995	221	0	0	2	25	27	0	NA
1995	227	0	0	0	22	22	0	NA
1995	229	0	0	0	24	24	0	NA
1995	233	0	0	0	21	21	0	NA
1995	234	0	0	1	73	74	0	NA
1995	241	0	0	0	75	75	0	NA
1995	242	0	0	1	33	34	0	NA
1995	250	0	0	0	34	34	0	NA
1995	261	0	0	0	28	28	0	NA
1995	264	0	0	0	32	32	0	NA
1995	265	0	0	0	25	25	0	NA
1995	276	0	0	0	28	28	0	NA
1995	291	0	0	0	18	18	0	NA
1996	155	26	3	0	0	29	0.103448275862069	15.2354203470693
1996	158	2	13	0	0	15	0.866666666666667	13.939068178864
1996	162	7	26	0	0	33	0.787878787878788	11.7088294864425
1996	164	1	103	0	0	104	0.990384615384615	10.0583670943194
1996	165	29	49	0	0	78	0.628205128205128	10.6576358611114
1996	171	7	49	0	0	56	0.875	7.83456956212335
1996	172	0	18	0	0	18	1	8.96070788993322
1996	174	0	22	0	0	22	1	8.04272198725791
1996	180	0	79	1	0	80	0.9875	4.30734329368082
1996	185	0	27	2	0	29	0.931034482758621	2.05881173391186
1996	192	0	23	10	2	35	0.657142857142857	2.78037780470306
1996	199	1	11	12	5	29	0.379310344827586	3.7675615119621
1996	205	0	10	17	9	36	0.277777777777778	1.25469601799013
1996	207	0	2	8	17	27	0.0740740740740741	0.783759941257315
1996	211	0	1	6	13	20	0.05	1.62190164979676
1996	212	0	2	11	11	24	0.0833333333333333	1.71687133038115
1996	215	0	1	3	25	29	0.0344827586206897	2.43422089175989
1996	219	0	0	5	27	32	0	NA
1996	229	0	0	16	10	26	0	NA
1996	235	0	0	16	39	55	0	NA
1996	243	0	0	0	37	37	0	NA
1996	249	0	0	0	30	30	0	NA
1996	262	0	0	0	35	35	0	NA
1996	282	0	0	0	28	28	0	NA
1997	161	26	14	0	0	40	0.35	10.2755645335337
1997	163	12	23	0	0	35	0.657142857142857	13.1816077486358
1997	164	18	17	0	0	35	0.485714285714286	12.1278764742031
1997	168	12	51	0	0	63	0.80952380952381	11.0139673662303
1997	169	1	27	0	0	28	0.964285714285714	9.53603021274505
1997	170	12	67	0	0	79	0.848101265822785	10.5875789364169
1997	171	12	74	0	0	86	0.86046511627907	8.52709553764812
1997	176	0	44	0	0	44	1	6.92368783007267
1997	177	1	32	4	0	37	0.864864864864865	7.71698836151924
1997	178	0	41	3	0	44	0.931818181818182	5.78383271225103
1997	184	0	34	12	1	47	0.723404255319149	5.17634009147556
1997	190	0	5	13	0	18	0.277777777777778	2.97294714441484
1997	198	0	15	17	7	39	0.384615384615385	2.44560727223733
1997	204	0	3	18	26	47	0.0638297872340425	0.722983319921789
1997	212	0	0	1	26	27	0	NA
1997	217	0	2	14	30	46	0.0434782608695652	1.73211218600242
1997	218	0	0	3	29	32	0	NA
1997	226	0	1	5	29	35	0.0285714285714286	6.88616337223148
1997	227	0	0	14	24	38	0	NA
1997	230	0	0	0	32	32	0	NA
1997	234	0	0	8	33	41	0	NA
1997	238	0	0	7	99	106	0	NA
1997	239	0	0	14	15	29	0	NA
1997	244	0	0	0	24	24	0	NA
1997	247	0	0	0	40	40	0	NA
1997	251	0	0	0	41	41	0	NA
1997	252	0	0	0	27	27	0	NA
1997	259	0	0	0	25	25	0	NA
1997	261	0	0	1	68	69	0	NA
1997	269	0	0	0	31	31	0	NA
1997	274	0	0	0	25	25	0	NA
1997	276	0	0	0	37	37	0	NA
1997	283	0	0	1	35	36	0	NA
1997	288	0	0	0	32	32	0	NA
1998	154	25	8	0	0	33	0.242424242424242	11.3179381672915
1998	159	18	18	0	0	36	0.5	10.7949119683638
1998	160	52	12	0	0	64	0.1875	11.1506333506012
1998	161	41	9	0	0	50	0.18	8.24240642733435
1998	162	54	67	0	0	121	0.553719008264463	9.01383265883601
1998	166	1	34	1	0	36	0.944444444444444	7.96484829316653
1998	169	0	41	0	0	41	1	7.03120945088013
1998	174	1	38	2	0	41	0.926829268292683	6.08527000021875
1998	177	0	34	4	0	38	0.894736842105263	4.62342794337279
1998	180	0	42	18	2	62	0.67741935483871	3.99728054844151
1998	183	0	25	14	2	41	0.609756097560976	4.89970166000634
1998	187	0	7	24	0	31	0.225806451612903	1.84227403524997
1998	188	0	14	25	8	47	0.297872340425532	3.17833071401532
1998	190	0	11	47	15	73	0.150684931506849	3.33910019500791
1998	194	0	3	32	20	55	0.0545454545454545	1.59300664094243
1998	197	0	3	47	30	80	0.0375	1.98491301636649
1998	201	0	0	21	17	38	0	NA
1998	204	0	2	14	28	44	0.0454545454545455	2.45829411356132
1998	205	0	0	17	20	37	0	NA
1998	208	0	1	10	19	30	0.0333333333333333	1.13050847457627
1998	215	0	0	8	21	29	0	NA
1998	218	0	0	3	26	29	0	NA
1998	229	0	0	10	61	71	0	NA
1998	233	0	0	0	31	31	0	NA
1998	237	0	0	4	25	29	0	NA
1998	238	0	0	0	39	39	0	NA
1998	243	0	0	13	62	75	0	NA
1998	251	0	0	2	38	40	0	NA
1998	253	0	0	1	59	60	0	NA
1998	257	0	0	0	33	33	0	NA
1998	265	0	0	2	33	35	0	NA
1998	268	0	0	0	39	39	0	NA
1998	281	0	0	0	36	36	0	NA
1998	286	0	0	0	36	36	0	NA
1999	146	39	1	0	0	40	0.025	14.5254521722916
1999	151	17	21	0	0	38	0.552631578947368	8.93299419555814
1999	158	14	27	0	0	41	0.658536585365854	4.2207299980514
1999	160	4	41	0	0	45	0.911111111111111	5.14583743066835
1999	165	1	37	0	0	38	0.973684210526316	5.49295594953576
1999	166	0	32	6	1	39	0.82051282051282	5.80036872218367
1999	168	0	24	14	0	38	0.631578947368421	4.67732872081108
1999	172	1	26	11	0	38	0.684210526315789	4.69801043900421
1999	174	0	45	18	0	63	0.714285714285714	4.75717598654373
1999	175	1	8	0	0	9	0.888888888888889	4.36136673266751
1999	180	0	6	32	1	39	0.153846153846154	4.35216573508646
1999	181	0	22	16	0	38	0.578947368421053	4.67543442409624
1999	187	0	0	11	3	14	0	NA
1999	188	0	0	9	5	14	0	NA
1999	193	0	10	0	0	10	1	2.80797660773515
1999	194	0	9	28	20	57	0.157894736842105	3.15014011218079
1999	195	0	1	15	5	21	0.0476190476190476	1.82650167568961
1999	196	0	2	27	25	54	0.037037037037037	0.960072375779261
1999	197	0	0	5	15	20	0	NA
1999	200	0	1	4	17	22	0.0454545454545455	1.59859976662777
1999	202	0	0	8	10	18	0	NA
1999	208	0	0	3	14	17	0	NA
1999	209	0	0	0	13	13	0	NA
1999	210	0	0	0	12	12	0	NA
1999	214	0	0	0	18	18	0	NA
1999	218	0	0	0	19	19	0	NA
1999	221	0	0	1	33	34	0	NA
1999	223	0	0	0	21	21	0	NA
1999	228	0	0	2	35	37	0	NA
1999	230	0	0	1	17	18	0	NA
1999	235	0	0	0	18	18	0	NA
1999	237	0	0	0	18	18	0	NA
1999	239	0	0	0	17	17	0	NA
1999	243	0	0	0	18	18	0	NA
1999	244	0	0	0	13	13	0	NA
1999	246	0	0	0	18	18	0	NA
1999	250	0	0	0	33	33	0	NA
1999	251	0	0	0	31	31	0	NA
1999	256	0	0	0	18	18	0	NA
1999	266	0	0	0	17	17	0	NA
1999	272	0	0	1	21	22	0	NA
1999	286	0	0	0	23	23	0	NA
2000	151	35	2	0	0	37	0.0540540540540541	8.18226959826723
2000	152	17	0	0	0	17	0	NA
2000	157	47	20	0	0	67	0.298507462686567	7.91590671835538
2000	158	132	37	0	1	170	0.217647058823529	8.35578506221157
2000	164	9	35	0	0	44	0.795454545454545	6.62570416852301
2000	165	12	26	0	0	38	0.684210526315789	7.24595147466095
2000	166	13	41	0	0	54	0.759259259259259	9.60989239849776
2000	167	10	17	0	1	28	0.607142857142857	9.16189795581181
2000	168	7	26	0	0	33	0.787878787878788	9.13745490498018
2000	172	0	25	3	0	28	0.892857142857143	8.02540886798464
2000	173	0	42	13	0	55	0.763636363636364	6.70416339276386
2000	174	0	35	2	1	38	0.921052631578947	7.52624935281897
2000	179	1	55	53	0	109	0.504587155963303	6.17492954539839
2000	180	0	28	13	0	41	0.682926829268293	6.16812571552535
2000	182	1	15	0	0	16	0.9375	4.49339669679556
2000	186	0	15	25	0	40	0.375	5.47507576135258
2000	194	0	11	36	12	59	0.186440677966102	3.40730558128921
2000	206	0	1	17	17	35	0.0285714285714286	1.53980060136097
2000	216	0	0	11	56	67	0	NA
2000	222	0	1	3	27	31	0.032258064516129	1.3918096292197
2000	228	0	0	3	33	36	0	NA
2000	229	0	0	0	43	43	0	NA
2000	236	0	0	0	39	39	0	NA
2000	241	0	0	0	16	16	0	NA
2000	243	0	0	3	40	43	0	NA
2000	249	0	0	0	19	19	0	NA
2000	252	0	0	0	45	45	0	NA
2000	259	0	0	0	41	41	0	NA
2000	262	0	0	0	17	17	0	NA
2001	149	35	2	0	0	37	0.0540540540540541	7.717293576525
2001	157	71	28	0	0	99	0.282828282828283	8.13253823404223
2001	158	23	26	1	0	50	0.52	8.07215001119824
2001	163	18	20	0	0	38	0.526315789473684	6.78406053809751
2001	164	28	13	1	0	42	0.30952380952381	7.40572976883197
2001	165	28	29	0	0	57	0.508771929824561	7.19747645130949
2001	169	11	48	6	0	65	0.738461538461539	6.96342487001806
2001	172	0	24	4	0	28	0.857142857142857	6.31152143004322
2001	173	8	37	15	0	60	0.616666666666667	5.68313369811713
2001	177	0	29	10	0	39	0.743589743589744	4.50400310420711
2001	178	0	13	11	0	24	0.541666666666667	6.34149821266143
2001	194	0	1	34	11	46	0.0217391304347826	2.57351027842831
2001	199	0	2	54	15	71	0.028169014084507	1.43056182187682
2001	200	0	3	19	20	42	0.0714285714285714	2.17865705021177
2001	212	0	0	10	46	56	0	NA
2001	213	0	0	5	20	25	0	NA
2001	218	0	0	1	73	74	0	NA
2001	220	0	0	0	33	33	0	NA
2001	225	0	0	4	52	56	0	NA
2001	232	0	0	0	42	42	0	NA
2001	233	0	0	1	48	49	0	NA
2001	247	0	0	12	59	71	0	NA
2001	248	0	0	0	89	89	0	NA
2001	255	0	0	0	41	41	0	NA
2001	256	0	0	0	45	45	0	NA
2001	263	0	0	0	33	33	0	NA
2001	276	0	0	0	23	23	0	NA
2001	277	0	0	0	24	24	0	NA
2001	284	0	0	0	30	30	0	NA
2002	149	38	3	0	0	41	0.0731707317073171	9.39769965202821
2002	156	29	2	0	0	31	0.0645161290322581	11.2804688165624
2002	158	41	21	0	0	62	0.338709677419355	7.91027150196313
2002	162	28	33	0	0	61	0.540983606557377	8.25530667025719
2002	163	65	63	1	0	129	0.488372093023256	7.99739776817049
2002	164	16	15	0	0	31	0.483870967741935	8.33680335413706
2002	169	32	93	0	0	125	0.744	8.20626313670159
2002	170	8	23	0	0	31	0.741935483870968	6.95515530233326
2002	171	0	34	7	0	41	0.829268292682927	6.81499309376091
2002	177	1	51	0	0	52	0.980769230769231	6.92579579507916
2002	178	0	23	0	0	23	1	6.82396396693109
2002	183	0	10	19	0	29	0.344827586206897	5.90855139556329
2002	184	0	25	35	1	61	0.409836065573771	5.96967634485631
2002	189	0	5	26	0	31	0.161290322580645	5.83976024652917
2002	193	0	3	24	0	27	0.111111111111111	4.68275296741656
2002	211	0	0	3	14	17	0	NA
2002	213	0	0	4	17	21	0	NA
2002	219	0	0	3	21	24	0	NA
2002	225	0	0	4	67	71	0	NA
2002	232	0	0	4	91	95	0	NA
2002	238	0	0	0	78	78	0	NA
2002	239	0	0	0	27	27	0	NA
2002	240	0	0	0	33	33	0	NA
2002	241	0	0	0	34	34	0	NA
2002	246	0	0	0	32	32	0	NA
2002	248	0	0	0	34	34	0	NA
2002	253	0	0	0	32	32	0	NA
2002	254	0	0	1	41	42	0	NA
2002	260	0	0	0	36	36	0	NA
2002	263	0	0	0	25	25	0	NA
2002	269	0	0	0	26	26	0	NA
2002	275	0	0	1	28	29	0	NA
2002	278	0	0	0	29	29	0	NA
2002	283	0	0	0	60	60	0	NA
2003	156	14	5	0	0	19	0.263157894736842	9.44364033992504
2003	157	23	8	0	0	31	0.258064516129032	12.0105036045604
2003	160	47	10	0	0	57	0.175438596491228	8.66720156073531
2003	161	9	15	0	0	24	0.625	12.1399589475904
2003	162	29	33	1	0	63	0.523809523809524	11.6492413830351
2003	164	9	20	2	0	31	0.645161290322581	10.2779604935284
2003	167	3	26	0	0	29	0.896551724137931	7.83359901081767
2003	168	13	41	1	0	55	0.745454545454545	8.76736955623812
2003	169	0	40	0	0	40	1	8.12825953828132
2003	170	0	22	3	1	26	0.846153846153846	7.58913212958753
2003	171	4	30	0	0	34	0.882352941176471	7.84834494256061
2003	177	0	78	6	0	84	0.928571428571429	6.63467344377343
2003	178	0	22	10	0	32	0.6875	5.2213127674726
2003	181	0	11	47	2	60	0.183333333333333	4.81134640237113
2003	184	0	7	21	1	29	0.241379310344828	4.52233026196491
2003	189	0	1	23	1	25	0.04	2.03624516391774
2003	195	0	0	19	4	23	0	NA
2003	202	0	1	15	16	32	0.03125	5.51158301158301
2003	221	0	0	0	34	34	0	NA
2003	227	0	0	0	34	34	0	NA
2003	230	0	0	1	27	28	0	NA
2003	233	0	0	0	35	35	0	NA
2003	238	0	0	0	31	31	0	NA
2003	241	0	0	0	33	33	0	NA
2003	247	0	0	0	32	32	0	NA
2003	252	0	0	0	34	34	0	NA
2003	258	0	0	0	60	60	0	NA
2003	266	0	0	0	35	35	0	NA
2003	268	0	0	0	29	29	0	NA
2003	275	0	0	0	35	35	0	NA
2003	279	0	0	0	30	30	0	NA
2003	283	0	0	0	34	34	0	NA
2003	288	0	0	0	35	35	0	NA
2003	297	0	0	0	35	35	0	NA
2003	304	0	0	0	38	38	0	NA
2003	307	0	1	0	29	30	0.0333333333333333	1.10982849604222
2004	160	19	1	0	0	20	0.05	11.5313807531381
2004	161	21	3	0	0	24	0.125	10.9009654889894
2004	166	15	17	0	0	32	0.53125	8.6452076234166
2004	167	16	19	0	0	35	0.542857142857143	8.32936309281764
2004	168	35	62	2	2	101	0.613861386138614	9.09244860136462
2004	169	1	39	0	0	40	0.975	8.65594826472842
2004	170	20	77	1	0	98	0.785714285714286	7.4902835265476
2004	174	0	22	0	0	22	1	8.25547762485324
2004	175	6	19	0	0	25	0.76	8.22332161302279
2004	176	0	25	0	0	25	1	6.86607630976418
2004	181	0	28	0	0	28	1	6.2722562126133
2004	182	0	23	6	1	30	0.766666666666667	4.83074480981958
2004	189	0	14	14	0	28	0.5	5.1951943307969
2004	195	0	5	27	0	32	0.15625	2.93230731973654
2004	196	0	4	7	24	35	0.114285714285714	5.58749151065103
2004	219	0	0	3	29	32	0	NA
2004	224	0	0	0	36	36	0	NA
2004	237	0	0	0	40	40	0	NA
2004	243	0	0	0	81	81	0	NA
2004	247	0	0	1	68	69	0	NA
2004	251	0	0	0	79	79	0	NA
2004	266	0	0	0	40	40	0	NA
2004	272	0	0	0	82	82	0	NA
2004	275	0	0	0	43	43	0	NA
2004	280	0	0	0	49	49	0	NA
2004	293	0	0	0	94	94	0	NA
2004	308	0	0	0	40	40	0	NA
2005	156	23	2	0	0	25	0.08	7.97048554243869
2005	159	32	1	0	0	33	0.0303030303030303	11.50991831972
2005	161	50	7	0	0	57	0.12280701754386	9.11888698936802
2005	164	36	6	0	0	42	0.142857142857143	8.8672087071403
2005	165	30	7	0	0	37	0.189189189189189	7.29586937850869
2005	166	26	2	0	0	28	0.0714285714285714	9.00638697646947
2005	167	29	26	0	0	55	0.472727272727273	9.17583178984034
2005	172	8	13	0	0	21	0.619047619047619	8.62403473804243
2005	173	25	45	3	0	73	0.616438356164384	7.62259580894368
2005	174	4	35	0	2	41	0.853658536585366	7.89718321857362
2005	178	0	27	0	0	27	1	6.43146335378351
2005	180	0	26	3	0	29	0.896551724137931	6.61803168636362
2005	181	4	41	1	0	46	0.891304347826087	5.88998107399203
2005	187	0	7	26	1	34	0.205882352941176	6.09200237889465
2005	189	0	29	4	0	33	0.878787878787879	4.69933924675624
2005	190	0	6	0	0	6	1	7.87775707487061
2005	192	0	12	26	2	40	0.3	4.53464024440709
2005	202	0	4	38	16	58	0.0689655172413793	2.08854948645337
2005	214	0	0	8	8	16	0	NA
2005	228	0	0	0	20	20	0	NA
2005	234	0	0	3	85	88	0	NA
2005	237	0	0	0	1	1	0	NA
2005	241	0	0	0	60	60	0	NA
2005	242	0	0	0	30	30	0	NA
2005	258	0	0	1	15	16	0	NA
2005	259	0	0	0	6	6	0	NA
2005	262	0	0	0	32	32	0	NA
2005	263	0	0	0	26	26	0	NA
2005	271	0	0	0	31	31	0	NA
2005	276	0	0	0	31	31	0	NA
2005	277	0	0	0	26	26	0	NA
2005	279	0	0	0	13	13	0	NA
2005	286	0	0	0	43	43	0	NA
2005	291	0	0	0	31	31	0	NA
2005	298	0	0	1	19	20	0	NA
2005	303	0	0	0	13	13	0	NA
2005	306	0	0	0	15	15	0	NA
2006	148	30	1	0	0	31	0.032258064516129	9.56257594167679
2006	149	20	8	0	0	28	0.285714285714286	8.81044977831556
2006	151	107	7	0	0	114	0.0614035087719298	11.398819287191
2006	152	25	7	0	0	32	0.21875	10.2552859953508
2006	153	28	3	0	0	31	0.0967741935483871	11.4569288129974
2006	156	21	10	0	0	31	0.32258064516129	7.74794679375578
2006	157	25	9	0	0	34	0.264705882352941	10.8358907467904
2006	158	39	31	0	0	70	0.442857142857143	10.9831683304559
2006	163	15	40	0	1	56	0.714285714285714	8.13213703842821
2006	164	9	65	0	0	74	0.878378378378378	9.49135238656326
2006	165	18	52	1	0	71	0.732394366197183	8.16107205018919
2006	166	7	26	0	0	33	0.787878787878788	8.04033561157442
2006	170	0	29	5	0	34	0.852941176470588	6.11270777858901
2006	172	5	81	14	0	100	0.81	6.75437837790947
2006	185	0	5	22	3	30	0.166666666666667	1.56810275458861
2006	186	0	10	0	0	10	1	4.71906623120441
2006	188	0	13	28	2	43	0.302325581395349	4.30332237091431
2006	192	0	1	17	5	23	0.0434782608695652	1.21663778162912
2006	193	0	1	12	2	15	0.0666666666666667	4.21963592957326
2006	198	0	0	16	5	21	0	NA
2006	213	0	0	6	11	17	0	NA
2006	220	0	1	0	15	16	0.0625	3.77276669557676
2006	230	0	0	0	23	23	0	NA
2006	233	0	0	0	18	18	0	NA
2006	235	0	0	0	29	29	0	NA
2006	237	0	0	0	29	29	0	NA
2006	240	0	0	0	24	24	0	NA
2006	248	0	0	0	21	21	0	NA
2006	249	0	0	0	14	14	0	NA
2006	250	0	0	0	30	30	0	NA
2006	256	0	0	0	18	18	0	NA
2006	257	0	0	0	29	29	0	NA
2006	261	0	0	0	25	25	0	NA
2006	262	0	0	0	10	10	0	NA
2006	264	0	0	0	26	26	0	NA
2006	269	0	0	0	23	23	0	NA
2006	270	0	0	0	17	17	0	NA
2006	277	0	0	0	22	22	0	NA
2006	279	0	0	0	28	28	0	NA
2006	281	0	0	0	23	23	0	NA
2006	284	0	0	0	40	40	0	NA
2006	290	0	0	0	19	19	0	NA
2006	296	0	0	0	24	24	0	NA
2006	305	0	0	0	17	17	0	NA
2007	155	25	0	0	0	25	0	NA
2007	156	13	3	0	0	16	0.1875	7.77907087450636
2007	157	29	7	0	0	36	0.194444444444444	11.6110232382447
2007	158	87	4	0	0	91	0.043956043956044	7.70135999687083
2007	162	15	14	0	0	29	0.482758620689655	10.9261729932937
2007	163	54	61	0	0	115	0.530434782608696	11.0447041981572
2007	165	10	17	0	0	27	0.62962962962963	13.2904807305189
2007	166	9	15	0	0	24	0.625	11.5845892153522
2007	169	4	32	0	0	36	0.888888888888889	8.85839383095508
2007	171	18	98	0	2	118	0.830508474576271	8.16153980372076
2007	172	16	25	1	0	42	0.595238095238095	8.57817400976494
2007	173	17	40	0	0	57	0.701754385964912	8.66817555115556
2007	176	0	27	0	0	27	1	8.75806283891817
2007	185	0	24	12	1	37	0.648648648648649	2.81073894084947
2007	192	0	13	9	2	24	0.541666666666667	3.17833390758802
2007	204	0	0	6	5	11	0	NA
2007	208	0	0	21	10	31	0	NA
2007	213	0	1	1	21	23	0.0434782608695652	5.10782501540357
2007	214	0	0	2	15	17	0	NA
2007	215	0	0	0	16	16	0	NA
2007	218	0	0	6	14	20	0	NA
2007	220	0	0	0	26	26	0	NA
2007	225	0	0	0	30	30	0	NA
2007	226	0	0	0	8	8	0	NA
2007	229	0	0	0	10	10	0	NA
2007	232	0	0	0	28	28	0	NA
2007	233	0	0	0	28	28	0	NA
2007	236	0	0	0	8	8	0	NA
2007	239	0	0	0	17	17	0	NA
2007	249	0	0	0	27	27	0	NA
2007	250	0	0	0	19	19	0	NA
2007	254	0	0	0	19	19	0	NA
2007	264	0	0	0	20	20	0	NA
2007	274	0	0	0	13	13	0	NA
2007	276	0	0	0	12	12	0	NA
2007	277	0	0	0	8	8	0	NA
2007	284	0	0	0	18	18	0	NA
2007	285	0	0	0	15	15	0	NA
2007	292	0	0	0	24	24	0	NA
2007	295	0	0	0	28	28	0	NA
2008	156	7	2	0	1	10	0.2	7.29950103290824
2008	157	11	9	0	0	20	0.45	7.36657941937289
2008	158	40	31	1	1	73	0.424657534246575	8.55153647115844
2008	159	5	2	0	0	7	0.285714285714286	6.72940263484767
2008	162	60	15	0	0	75	0.2	10.7618079768839
2008	163	49	15	0	0	64	0.234375	10.8256960596196
2008	164	11	34	0	0	45	0.755555555555556	8.56061881009863
2008	169	6	40	0	0	46	0.869565217391304	7.78591911664406
2008	170	17	87	0	0	104	0.836538461538462	8.57520521550759
2008	171	0	30	4	0	34	0.882352941176471	6.78978206824932
2008	172	15	23	0	0	38	0.605263157894737	8.95444783423497
2008	178	0	26	19	1	46	0.565217391304348	5.86646173417836
2008	179	0	4	16	1	21	0.19047619047619	6.82956468836214
2008	184	0	17	20	9	46	0.369565217391304	4.48594440927312
2008	194	0	0	10	4	14	0	NA
2008	199	0	1	25	8	34	0.0294117647058824	4.95250659630607
2008	200	0	0	0	12	12	0	NA
2008	203	0	0	34	3	37	0	NA
2008	204	0	0	4	3	7	0	NA
2008	205	0	0	16	16	32	0	NA
2008	206	0	0	15	20	35	0	NA
2008	210	0	0	7	24	31	0	NA
2008	219	0	0	3	27	30	0	NA
2008	221	0	0	3	31	34	0	NA
2008	224	0	0	0	20	20	0	NA
2008	226	0	0	1	29	30	0	NA
2008	232	0	0	2	24	26	0	NA
2008	239	0	0	0	27	27	0	NA
2008	242	0	0	0	28	28	0	NA
2008	259	0	0	1	46	47	0	NA
2008	261	0	0	0	32	32	0	NA
2008	266	0	0	0	36	36	0	NA
2008	269	0	0	0	55	55	0	NA
2008	274	0	0	0	21	21	0	NA
2008	280	0	0	0	38	38	0	NA
2008	283	0	0	0	23	23	0	NA
2008	288	0	0	0	41	41	0	NA
2008	290	0	0	0	21	21	0	NA
2008	294	0	0	0	18	18	0	NA
2008	304	0	0	0	19	19	0	NA
2008	311	0	0	0	14	14	0	NA
2009	144	24	0	0	0	24	0	NA
2009	151	16	0	0	0	16	0	NA
2009	154	30	7	0	0	37	0.189189189189189	9.80869192840529
2009	155	70	18	0	0	88	0.204545454545455	8.32020648720152
2009	159	14	61	0	0	75	0.813333333333333	9.50792622913846
2009	160	5	38	0	0	43	0.883720930232558	9.6417173424492
2009	161	20	34	0	0	54	0.62962962962963	9.1648353669043
2009	162	17	5	0	0	22	0.227272727272727	10.7549976012836
2009	167	9	16	0	0	25	0.64	8.40438172006083
2009	168	13	36	0	0	49	0.73469387755102	8.17168184229059
2009	169	0	25	0	0	25	1	6.93054595569997
2009	170	2	28	0	0	30	0.933333333333333	7.97039743092384
2009	175	0	3	0	0	3	1	5.56786023788361
2009	177	0	40	13	2	55	0.727272727272727	5.89997885050655
2009	208	0	0	8	10	18	0	NA
2009	211	0	0	12	3	15	0	NA
2009	216	0	0	0	29	29	0	NA
2009	218	0	0	0	18	18	0	NA
2009	224	0	0	1	49	50	0	NA
2009	229	0	0	0	16	16	0	NA
2009	230	0	0	1	49	50	0	NA
2009	231	0	0	0	28	28	0	NA
2009	236	0	0	0	36	36	0	NA
2009	243	0	0	0	1	1	0	NA
2009	245	0	0	0	41	41	0	NA
2009	251	0	0	0	45	45	0	NA
2009	254	0	0	0	24	24	0	NA
2009	258	0	0	0	25	25	0	NA
2009	265	0	0	0	12	12	0	NA
2009	266	0	0	0	27	27	0	NA
2009	272	0	0	0	12	12	0	NA
2009	301	0	0	0	18	18	0	NA
2009	303	0	0	0	15	15	0	NA
2010	139	18	0	0	0	18	0	NA
2010	145	19	0	0	0	19	0	NA
2010	146	23	0	0	0	23	0	NA
2010	152	17	2	0	0	19	0.105263157894737	15.6722441141235
2010	153	36	5	0	0	41	0.121951219512195	13.5631067819506
2010	160	47	30	0	0	77	0.38961038961039	9.26223184880714
2010	161	47	44	0	1	92	0.478260869565217	8.9663282395533
2010	165	1	18	4	0	23	0.782608695652174	6.9640692353605
2010	168	2	21	0	0	23	0.91304347826087	7.58759124714851
2010	169	0	31	1	1	33	0.939393939393939	8.35813317173129
2010	179	0	26	1	0	27	0.962962962962963	5.42912101483292
2010	186	0	5	15	0	20	0.25	3.17066813397424
2010	189	0	2	18	4	24	0.0833333333333333	1.8895981321923
2010	197	0	0	2	7	9	0	NA
2010	203	0	0	7	8	15	0	NA
2010	209	0	0	2	12	14	0	NA
2010	214	0	0	0	13	13	0	NA
2010	216	0	0	0	4	4	0	NA
2010	222	0	0	0	7	7	0	NA
2010	223	0	0	0	10	10	0	NA
2010	224	0	0	0	5	5	0	NA
2010	229	0	0	0	9	9	0	NA
2010	230	0	0	0	11	11	0	NA
2010	235	0	0	0	7	7	0	NA
2010	238	0	0	0	16	16	0	NA
2010	242	0	0	0	4	4	0	NA
2010	243	0	0	0	13	13	0	NA
2010	250	0	0	0	3	3	0	NA
2010	257	0	0	0	14	14	0	NA
2010	259	0	0	0	5	5	0	NA
2010	260	0	0	0	17	17	0	NA
2010	270	0	0	0	17	17	0	NA
2010	271	0	0	0	13	13	0	NA
2010	278	0	0	0	29	29	0	NA
2010	287	0	0	0	3	3	0	NA
2011	158	97	31	0	0	128	0.2421875	9.49204291085119
2011	159	65	16	1	0	82	0.195121951219512	8.89784408850072
2011	160	51	1	0	0	52	0.0192307692307692	7.9539052496799
2011	164	26	8	0	0	34	0.235294117647059	7.09380049927162
2011	166	8	20	0	0	28	0.714285714285714	9.63162338058392
2011	167	5	29	0	0	34	0.852941176470588	8.90128248774669
2011	168	0	35	0	0	35	1	8.32204759577256
2011	171	0	31	0	0	31	1	5.91142723871875
2011	180	0	5	26	0	31	0.161290322580645	5.96159690351894
2011	195	0	1	19	5	25	0.04	2.1750455847877
2011	200	0	0	6	14	20	0	NA
2011	209	0	0	0	23	23	0	NA
2011	213	0	0	0	13	13	0	NA
2011	220	0	0	0	17	17	0	NA
2011	227	0	0	0	24	24	0	NA
2011	234	0	0	0	4	4	0	NA
2011	244	0	0	0	18	18	0	NA
2011	257	0	0	0	21	21	0	NA
2011	258	0	0	0	26	26	0	NA
2011	263	0	0	0	18	18	0	NA
2011	272	0	0	0	29	29	0	NA
2011	280	0	0	1	20	21	0	NA
2012	150	29	1	0	0	30	0.0333333333333333	11.0663568293313
2012	153	29	0	0	0	29	0	NA
2012	160	30	13	1	0	44	0.295454545454545	8.40784966317193
2012	163	18	1	0	0	19	0.0526315789473684	5.90216889709275
2012	164	32	13	1	0	46	0.282608695652174	5.50054628228445
2012	170	7	23	16	2	48	0.479166666666667	5.96011317240842
2012	178	2	8	10	7	27	0.296296296296296	2.65402885233566
2012	199	0	0	7	16	23	0	NA
2012	208	0	0	2	24	26	0	NA
2012	209	0	0	23	31	54	0	NA
2012	215	0	0	11	14	25	0	NA
2012	221	0	0	8	38	46	0	NA
2012	229	0	0	2	21	23	0	NA
2012	230	0	0	10	35	45	0	NA
2012	233	0	0	5	22	27	0	NA
2012	248	0	0	0	28	28	0	NA
2012	257	0	0	0	65	65	0	NA
2012	276	0	0	0	26	26	0	NA
2012	277	0	0	0	34	34	0	NA
2012	284	0	0	4	31	35	0	NA
2013	151	0	27	0	0	27	1	12.6791322167825
2013	157	17	16	0	0	33	0.484848484848485	12.9291002249483
2013	161	1	33	0	0	34	0.970588235294118	10.0154525289998
2013	162	2	29	0	0	31	0.935483870967742	10.3629788080032
2013	164	0	34	0	0	34	1	9.83746982808659
2013	165	3	31	0	0	34	0.911764705882353	8.93016396229452
2013	170	0	35	1	0	36	0.972222222222222	7.02321102546505
2013	171	3	30	0	0	33	0.909090909090909	7.75485750908169
2013	177	1	24	0	0	25	0.96	2.99360099749024
2013	186	0	15	12	1	28	0.535714285714286	1.42113250514243
2013	190	0	5	19	0	24	0.208333333333333	1.6134610862819
2013	193	0	18	17	0	35	0.514285714285714	1.6641233947651
2013	203	0	9	12	0	21	0.428571428571429	1.83103096411891
2013	207	0	0	30	0	30	0	NA
2013	213	0	0	23	0	23	0	NA
2013	214	0	0	3	21	24	0	NA
2013	219	0	0	14	12	26	0	NA
2013	220	0	0	19	8	27	0	NA
2013	224	0	0	21	0	21	0	NA
2013	232	0	1	9	3	13	0.0769230769230769	0.675453047775947
2013	233	0	0	27	8	35	0	NA
2013	240	0	0	15	1	16	0	NA
2013	252	0	0	2	3	5	0	NA
2013	254	0	0	13	11	24	0	NA
2013	256	0	0	23	3	26	0	NA
2013	268	0	0	14	39	53	0	NA
2014	148	19	11	0	0	30	0.366666666666667	12.7542368851012
2014	153	16	41	0	0	57	0.719298245614035	12.8551521880944
2014	154	11	20	0	0	31	0.645161290322581	13.2266117072585
2014	155	25	46	0	0	71	0.647887323943662	14.6171481203264
2014	160	4	27	0	0	31	0.870967741935484	11.1467242651695
2014	162	1	32	0	0	33	0.96969696969697	9.57184588051236
2014	163	1	31	0	1	33	0.939393939393939	10.9007719911233
2014	164	0	36	0	0	36	1	7.9017767654835
2014	171	0	34	0	0	34	1	6.87307836457732
2014	191	0	2	24	0	26	0.0769230769230769	1.32151489148108
2014	199	0	2	29	0	31	0.0645161290322581	1.85676294368671
2014	203	0	5	23	0	28	0.178571428571429	1.50286136248691
2014	211	0	3	29	0	32	0.09375	1.23760021301168
2014	217	0	0	24	0	24	0	NA
2014	224	0	0	14	12	26	0	NA
2014	225	0	0	41	11	52	0	NA
2014	230	0	0	6	20	26	0	NA
2014	236	0	0	18	12	30	0	NA
2014	237	0	0	22	3	25	0	NA
2014	239	0	0	42	0	42	0	NA
2014	247	0	0	0	50	50	0	NA
2014	253	0	0	2	10	12	0	NA
2014	254	0	0	12	12	24	0	NA
2014	259	0	0	7	22	29	0	NA
2014	267	0	0	2	19	21	0	NA
2014	275	0	0	23	4	27	0	NA
2014	279	0	0	24	37	61	0	NA
2014	288	0	0	18	23	41	0	NA
2014	294	0	1	40	1	42	0.0238095238095238	0.894357743097239
2014	303	0	0	4	29	33	0	NA
2015	156	17	14	0	0	31	0.451612903225806	12.0229123870087
2015	159	57	77	0	0	134	0.574626865671642	12.6012846921182
2015	160	17	42	0	0	59	0.711864406779661	12.9896198364311
2015	161	1	30	0	0	31	0.967741935483871	12.4721153335002
2015	162	5	23	0	0	28	0.821428571428571	12.9330952371047
2015	163	9	46	1	0	56	0.821428571428571	12.419107337832
2015	166	8	90	0	0	98	0.918367346938776	10.9459986314287
2015	167	0	54	1	0	55	0.981818181818182	10.2556033433646
2015	173	0	32	0	0	32	1	8.32302869332034
2015	176	0	18	0	0	18	1	6.31358801312973
2015	177	0	22	6	0	28	0.785714285714286	4.4085316425792
2015	197	0	4	23	0	27	0.148148148148148	3.2668451292924
2015	202	0	3	22	0	25	0.12	4.72579083159666
2015	210	0	3	102	13	118	0.0254237288135593	3.43037059441077
2015	217	0	0	23	0	23	0	NA
2015	225	0	0	24	3	27	0	NA
2015	237	0	0	10	12	22	0	NA
2015	238	0	0	20	4	24	0	NA
2015	247	0	0	2	14	16	0	NA
2015	253	0	0	21	0	21	0	NA
2015	259	0	0	0	20	20	0	NA
2015	260	0	0	6	18	24	0	NA
2015	266	0	0	20	11	31	0	NA
2015	277	0	0	1	21	22	0	NA
2015	295	0	0	0	14	14	0	NA
2016	152	61	25	1	0	87	0.28735632183908	11.1074019880385
2016	154	29	1	0	0	30	0.0333333333333333	6.47381409377571
2016	155	47	8	0	0	55	0.145454545454545	10.3006668719626
2016	158	60	36	0	0	96	0.375	10.0542162190556
2016	159	11	17	0	0	28	0.607142857142857	14.7737403042723
2016	160	9	18	0	0	27	0.666666666666667	8.79216930361314
2016	161	21	33	2	0	56	0.589285714285714	8.31336106495436
2016	162	6	20	0	0	26	0.769230769230769	8.56661692922616
2016	167	12	17	0	0	29	0.586206896551724	8.61904440272289
2016	168	10	21	0	0	31	0.67741935483871	6.75937397473292
2016	169	25	38	0	0	63	0.603174603174603	8.09873485987542
2016	172	6	21	0	0	27	0.777777777777778	5.94560772587905
2016	175	1	29	0	0	30	0.966666666666667	6.15457200401802
2016	179	3	36	1	0	40	0.9	3.9542157196378
2016	182	0	13	18	0	31	0.419354838709677	3.43063563935556
2016	198	0	1	26	0	27	0.037037037037037	1.88122605363985
2016	203	0	1	45	3	49	0.0204081632653061	1.77576767436325
2016	204	0	0	9	5	14	0	NA
2016	208	0	2	23	8	33	0.0606060606060606	1.99376830435566
2016	210	0	1	11	11	23	0.0434782608695652	5.06960861570791
2016	215	0	0	23	5	28	0	NA
2016	216	0	0	0	22	22	0	NA
2016	217	0	0	0	22	22	0	NA
2016	230	0	0	5	19	24	0	NA
2016	235	0	0	16	16	32	0	NA
2016	245	0	0	9	55	64	0	NA
2016	253	0	0	0	25	25	0	NA
2016	256	0	0	0	22	22	0	NA
2016	259	0	0	1	47	48	0	NA
2016	263	0	0	1	36	37	0	NA
2016	272	0	0	0	34	34	0	NA
2016	279	0	0	9	62	71	0	NA
2016	286	0	0	0	28	28	0	NA
2017	151	9	17	0	0	26	0.653846153846154	13.8041806518747
2017	156	15	17	0	0	32	0.53125	12.0089505984516
2017	159	16	11	0	0	27	0.407407407407407	10.8929545736668
2017	160	15	6	0	0	21	0.285714285714286	13.5487224090835
2017	164	74	63	0	0	137	0.45985401459854	11.3860602551519
2017	165	3	21	0	0	24	0.875	11.1425152845208
2017	166	7	33	1	0	41	0.804878048780488	12.5330661723879
2017	170	18	7	0	0	25	0.28	9.47659534758012
2017	172	13	17	0	0	30	0.566666666666667	6.91952842946303
2017	173	9	77	0	0	86	0.895348837209302	7.29729753200351
2017	177	1	32	0	0	33	0.96969696969697	4.72282135678448
2017	193	0	3	32	0	35	0.0857142857142857	3.29410297067422
2017	198	0	0	6	0	6	0	NA
2017	206	0	0	31	14	45	0	NA
2017	207	0	0	31	16	47	0	NA
2017	209	0	0	1	8	9	0	NA
2017	212	0	0	28	30	58	0	NA
2017	214	0	0	22	18	40	0	NA
2017	215	0	0	7	12	19	0	NA
2017	216	0	0	13	2	15	0	NA
2017	220	0	0	10	17	27	0	NA
2017	222	0	0	12	7	19	0	NA
2017	223	0	0	8	4	12	0	NA
2017	226	0	0	12	7	19	0	NA
2017	227	0	0	12	1	13	0	NA
2017	228	0	0	10	4	14	0	NA
2017	233	0	0	8	0	8	0	NA
2017	234	0	0	2	11	13	0	NA
2017	235	0	0	24	14	38	0	NA
2017	237	0	0	2	6	8	0	NA
2017	241	0	0	0	14	14	0	NA
2017	249	0	0	1	4	5	0	NA
2017	255	0	0	0	14	14	0	NA
2017	258	0	0	6	12	18	0	NA
2017	261	0	0	15	6	21	0	NA
2017	263	0	0	12	9	21	0	NA
2017	271	0	0	8	14	22	0	NA
2017	276	0	0	0	2	2	0	NA
2017	290	0	0	4	16	20	0	NA
2017	298	0	0	12	10	22	0	NA
2017	312	0	0	6	19	25	0	NA
2018	158	98	49	0	0	147	0.333333333333333	11.0914697533053
2018	161	12	3	0	0	15	0.2	7.60658804931935
2018	163	38	53	0	0	91	0.582417582417582	11.2839677344985
2018	164	24	1	0	0	25	0.04	9.50161637931035
2018	166	15	3	0	0	18	0.166666666666667	10.4542994188537
2018	169	4	29	0	0	33	0.878787878787879	9.087850629773
2018	171	1	33	1	0	35	0.942857142857143	8.32312283447064
2018	185	0	8	18	0	26	0.307692307692308	2.55141162416458
2018	193	0	0	14	0	14	0	NA
2018	201	0	1	0	0	1	1	2.49227600411946
2018	206	0	0	27	2	29	0	NA
2018	207	0	0	10	12	22	0	NA
2018	212	0	0	19	21	40	0	NA
2018	213	0	0	23	5	28	0	NA
2018	215	0	0	9	5	14	0	NA
2018	218	0	1	5	17	23	0.0434782608695652	1.22693007538342
2018	220	0	0	9	18	27	0	NA
2018	225	0	0	21	6	27	0	NA
2018	227	0	0	11	9	20	0	NA
2018	229	0	0	7	15	22	0	NA
2018	234	0	0	16	15	31	0	NA
2018	239	0	0	7	22	29	0	NA
2018	242	0	0	6	17	23	0	NA
2018	255	0	0	17	19	36	0	NA
2018	278	0	0	0	20	20	0	NA
2018	282	0	0	0	50	50	0	NA
2019	157	19	17	0	0	36	0.472222222222222	11.6436038657249
2019	163	23	13	0	0	36	0.361111111111111	10.3127281225725
2019	164	8	27	0	0	35	0.771428571428571	14.1350798827283
2019	165	6	26	0	0	32	0.8125	10.1195477006276
2019	168	10	26	0	0	36	0.722222222222222	8.56785400855607
2019	169	34	90	2	0	126	0.714285714285714	12.2367639441307
2019	171	7	69	1	0	77	0.896103896103896	8.42519004215816
2019	172	2	4	0	0	6	0.666666666666667	6.02314655755635
2019	193	0	2	32	4	38	0.0526315789473684	2.78806069965359
2019	198	0	2	26	18	46	0.0434782608695652	3.44877194862408
2019	200	0	0	15	5	20	0	NA
2019	202	0	2	0	0	2	1	2.49860530692168
2019	204	0	3	35	25	63	0.0476190476190476	2.81332461403581
2019	206	0	1	0	0	1	1	6.68073136427567
2019	207	0	0	28	17	45	0	NA
2019	211	0	2	15	9	26	0.0769230769230769	2.30352911487555
2019	212	0	2	0	0	2	1	1.89987176979418
2019	214	0	2	27	4	33	0.0606060606060606	3.41013346241465
2019	220	0	0	19	19	38	0	NA
2019	225	0	0	6	18	24	0	NA
2019	227	0	0	11	37	48	0	NA
2019	231	0	0	0	15	15	0	NA
2019	234	1	0	5	12	18	0	NA
2019	235	0	0	8	38	46	0	NA
2019	238	0	0	13	22	35	0	NA
2019	247	0	0	5	24	29	0	NA
2020	157	16	10	0	0	26	0.384615384615385	13.3775194232843
2020	158	23	8	0	0	31	0.258064516129032	9.93915577703367
2020	163	34	33	0	1	68	0.485294117647059	15.9332127660677
2020	169	28	56	0	0	84	0.666666666666667	12.0487309387943
2020	175	0	30	6	0	36	0.833333333333333	4.49123189658571
2020	176	1	26	2	0	29	0.896551724137931	4.01913440445557
2020	198	0	1	6	15	22	0.0454545454545455	4.36647727272727
2020	199	0	1	19	2	22	0.0454545454545455	2.16464535097391
2020	202	0	0	2	17	19	0	NA
2020	205	0	0	0	32	32	0	NA
2020	206	0	1	27	8	36	0.0277777777777778	4.74886672710789
2020	210	0	0	12	12	24	0	NA
2020	212	0	0	17	35	52	0	NA
2020	213	0	0	3	42	45	0	NA
2020	216	0	0	4	23	27	0	NA
2020	218	0	0	13	18	31	0	NA
2020	219	0	0	12	23	35	0	NA
2020	225	0	0	4	23	27	0	NA
2020	226	0	0	17	9	26	0	NA
2020	229	0	0	8	10	18	0	NA
2020	231	0	0	5	22	27	0	NA
2020	245	0	0	1	48	49	0	NA
2020	246	0	0	1	29	30	0	NA
2020	258	0	0	0	29	29	0	NA
2020	271	0	0	0	1	1	0	NA
2020	272	0	0	5	32	37	0	NA
2020	277	0	0	0	18	18	0	NA
2021	151	31	23	0	0	54	0.425925925925926	8.54473132282135
2021	153	33	22	0	0	55	0.4	12.170950858399
2021	154	40	1	0	0	41	0.024390243902439	9.01988071570577
2021	160	62	51	1	0	114	0.447368421052632	10.213519044384
2021	162	27	21	0	0	48	0.4375	8.28781616254559
2021	165	10	26	0	0	36	0.722222222222222	7.43910166423341
2021	167	23	60	1	0	84	0.714285714285714	4.44934958869302
2021	174	17	25	6	1	49	0.510204081632653	3.37806500982403
2021	181	0	11	13	2	26	0.423076923076923	3.02886222555872
2021	194	0	1	22	2	25	0.04	3.82665094339623
2021	195	0	1	30	0	31	0.032258064516129	2.38822246455834
2021	201	0	3	38	13	54	0.0555555555555556	2.07882304340818
2021	202	0	0	17	26	43	0	NA
2021	203	0	1	39	22	62	0.0161290322580645	0.723729993041058
2021	216	0	0	13	13	26	0	NA
2021	222	0	0	12	43	55	0	NA
2021	223	0	0	8	28	36	0	NA
2021	224	1	0	12	17	30	0	NA
2021	228	0	0	4	26	30	0	NA
2021	231	0	0	18	16	34	0	NA
2021	235	0	0	8	27	35	0	NA
2021	237	0	0	8	43	51	0	NA
2021	245	0	0	11	18	29	0	NA
2021	249	0	0	0	5	5	0	NA
2021	251	0	0	2	21	23	0	NA
2021	255	1	0	0	8	9	0	NA
2021	258	0	0	7	30	37	0	NA
2021	260	0	0	3	33	36	0	NA
2021	267	0	0	10	21	31	0	NA
2021	268	0	0	0	5	5	0	NA
2021	269	0	0	0	16	16	0	NA
2021	270	0	0	3	25	28	0	NA
2021	285	0	0	2	27	29	0	NA
2021	287	0	0	10	31	41	0	NA
2021	292	0	0	0	29	29	0	NA
2022	179	0	23	5	0	28	0.821428571428571	1.89989362241898
2022	185	0	17	20	0	37	0.459459459459459	2.24644021307071
2022	187	0	1	14	12	27	0.037037037037037	0.588895120583287
2022	192	0	17	15	3	35	0.485714285714286	1.78630302552987
2022	195	0	1	0	0	1	1	3.58224363386098
2022	199	0	14	13	0	27	0.518518518518518	1.07984531585874
2022	200	1	0	14	13	28	0	NA
2022	207	0	0	19	9	28	0	NA
2022	214	0	0	13	11	24	0	NA
2022	221	0	0	5	43	48	0	NA
2022	230	0	0	25	4	29	0	NA
2022	234	0	0	15	9	24	0	NA
2022	238	0	0	17	8	25	0	NA
2022	245	0	0	0	28	28	0	NA
2022	252	0	0	9	8	17	0	NA
2022	257	0	0	9	29	38	0	NA
2022	262	0	0	7	16	23	0	NA
2022	266	0	0	0	32	32	0	NA
2022	272	0	0	0	8	8	0	NA
2022	273	0	0	0	12	12	0	NA
